-1.526578669872329375e-01 -2.657706389615914766e-01 9.041201697808742832e-01 2.781233265011819333e-01 -8.053040526815445632e-02
-1.552686616286816923e-01 -1.343219149803439871e-01 3.320962140656431860e-02 -1.627973939687247518e-01 9.267807918502392328e-02
-1.886357818744769377e-01 -7.470555632248676581e-02 4.574809213895902893e-02 -2.205351494132932189e-01 2.186672614500520528e-02
-2.064877819118950131e-01 -6.617940224107438096e-02 2.513396169261833402e-02 -2.476981739610624733e-01 -7.400129939091648623e-02
-1.942060343630072905e-01 -4.460020364956199940e-02 2.285545024271151693e-02 -2.343153293430846329e-01 -6.196254571327915184e-02
-1.926981758956689550e-01 -5.653767255820361937e-02 1.458465108439738200e-02 -2.410973348124179627e-01 -4.988190766105815577e-02
-1.863176281870299877e-01 -2.780955827996104898e-02 1.464298950633313376e-02 -2.142711969071965095e-01 -4.557339670532056797e-02
-2.014356494961805633e-01 -5.021125270122703266e-02 -2.391663643843562701e-03 -2.406814793825386156e-01 -1.611348862486947087e-01
-2.097064831492598536e-01 -8.201691123955497931e-01 -3.878619024640070356e-01 3.267325930322185767e-01 -4.940530546044258342e-02
-1.560473255076452181e-01 -4.115263872908461740e-03 1.566775308064599984e-02 -1.416414090103199075e-01 4.627030772844931833e-02
-1.514525000847269376e-01 -1.315891747394496228e-02 1.211404695006591987e-02 -1.180681271720315367e-01 5.879747038392282160e-02
-1.539067692677653643e-01 5.199967048369165878e-04 1.475662385242120086e-03 -1.457103413506908862e-01 3.147159758574635119e-02
-1.073626691662716293e-01 -2.767568177736941942e-02 2.082149646007290869e-02 -6.759347546013950991e-02 1.554372236097465443e-01
-1.231064133256358634e-01 -7.233389941171662965e-03 1.276042826527514114e-02 -9.544340187940411613e-02 9.360756338436497515e-02
-1.368006019205268708e-01 2.090732749406402566e-02 1.550863323365599122e-02 -1.348007038494768994e-01 2.536274190534016162e-02
-1.306027246370526917e-01 1.022949881174098005e-02 1.502857892670730888e-02 -1.119352170070456454e-01 3.719743396990773943e-02
-1.195931174107598555e-01 2.112796379753263329e-02 1.088894763495450863e-02 -1.029809056730442984e-01 4.138989820361928945e-02
-1.083509580460240290e-01 1.196397407688773971e-02 7.202823972710444868e-03 -8.296516615359690594e-02 7.203434513336785805e-02
-1.154608995440989799e-01 4.130406070024356807e-02 -2.050476716480490597e-02 5.971195988252315373e-03 -1.620218819963864243e-01
-1.263385637596008970e-01 -7.121589131487428802e-03 -8.107148735821998603e-03 -1.392015542998438216e-01 -4.014693700650338870e-02
-7.374885532931604870e-02 -3.511067509665904973e-02 6.434210221830864544e-03 -4.101797811570540714e-02 1.347618889597642089e-01
-7.620758168683380851e-02 -6.567642626653721893e-02 -1.724800945120253184e-02 5.122297266614306852e-04 1.649708570502459726e-01
-7.610198286749551844e-02 1.300494862648566945e-02 1.038468166345244033e-02 -5.294280446865566592e-02 1.083062774804443990e-01
-6.746838665270717128e-02 1.330835535835591353e-02 6.948628512241908708e-03 -2.471046303494469493e-02 1.381897148188166724e-01
-7.102665579786834882e-02 3.588704315750197976e-03 5.341770730518924891e-03 -5.579375461354655480e-02 9.097772908099989453e-02
-4.994211905786639927e-02 1.072058209629649442e-02 1.421613160387002681e-02 -1.481747631593037171e-02 1.674501395489237376e-01
-3.960461108090954085e-02 6.179729109237873212e-03 1.679088739789109247e-02 -1.014467637958343590e-02 1.796061719009998670e-01
-4.064837962720504322e-02 5.378775501507543020e-06 8.033125186078229549e-03 -8.538685557663568820e-03 1.610345792441055801e-01
-3.430797879618088797e-02 3.567284483223654226e-03 1.128715895827828164e-02 -6.445578512845168660e-03 1.726858325831033270e-01
-2.362739866711108250e-02 1.207939500442234242e-02 1.183541916576276616e-02 1.390114420440202725e-02 1.782898185122294421e-01
-3.414732439220547616e-02 6.691665608166055129e-03 6.541760000887956138e-03 4.178822784188119394e-03 1.467295343903308180e-01
-3.148319805730118159e-02 6.125246526636347368e-03 6.233522141551715683e-03 6.929705829380636631e-03 1.345772672673504200e-01
-3.067672084530681173e-02 3.811427802669461323e-03 2.940503876396155752e-04 5.012889082721978112e-03 1.284807556591198996e-01
-1.880282443427478203e-02 1.029092412013643369e-02 4.837508954863083480e-03 1.958415561264809091e-02 1.364823300240666781e-01
-1.549045024467773750e-02 1.111023507546285774e-02 3.350352847655260237e-03 1.892616544691938865e-02 1.509381974925712022e-01
-8.048542455945632704e-04 8.977585820109228523e-03 9.015008421333257915e-03 3.652479388491049195e-02 1.679563433793141991e-01
2.870002587121625592e-03 -4.295376187209803270e-03 1.110464514494411206e-02 2.245810908702403075e-02 2.078992435313174736e-01
9.949296247470693078e-03 -4.283988724253070396e-02 1.835452621977752552e-02 2.027544163691257992e-02 2.649540493016763198e-01
1.446087194311286659e-03 -2.675572218511537009e-02 1.023635824679913070e-02 1.270093750368808325e-02 2.025149951481385324e-01
2.646452306381649744e-03 -2.005247349856899286e-02 3.367888106182268578e-03 1.684169178412618303e-02 1.780278879211622534e-01
1.633620766122775847e-02 -1.439250947928991629e-02 4.410825714464820801e-03 2.851256632209040257e-02 2.044818261639096690e-01
8.463128470673736414e-03 -1.242260049496599246e-02 2.531480695323408241e-03 1.455703808200289190e-02 1.600893092614880664e-01
9.235848047281672996e-03 -4.982640198424817535e-02 -6.677334592048322741e-03 1.306738941481738921e-02 2.132561332558481626e-01
6.612740871480969618e-03 -1.523490513940927923e-02 1.111019139050133803e-03 -5.719834408776885634e-03 1.211953973810240698e-01
1.463152224794644560e-02 -1.053402542540922242e-02 1.567531734570912607e-03 7.788967783050734436e-04 1.175137772459325936e-01
1.313971299439653170e-02 -5.967370701926158309e-03 5.320547092932927970e-03 -1.035169582576445785e-02 1.129095906458280896e-01
1.481505912992558092e-02 -3.770527399804947041e-03 7.395525753213905325e-03 -1.819077019852291532e-02 9.381643878285396421e-02
1.236492553649989716e-02 -8.144327928766076016e-03 1.133918933551614043e-02 -3.014164687798136580e-02 1.031006935457789708e-01
1.798033812925245098e-02 -2.151726462948674520e-02 5.561620867181115736e-03 -3.060289355650838705e-02 8.774644759150168616e-02
3.083551231503318946e-02 -1.412005139036474725e-02 8.787335985390921922e-03 -1.037574878484896768e-02 1.067897028108312080e-01
3.888831697127918124e-02 -1.264800302856565126e-02 1.170199841756149571e-02 -6.739450357545391859e-03 1.105294631916528686e-01
4.778742980096457871e-02 -1.950500124227454515e-02 1.509796023355801722e-02 7.851135847024833057e-04 1.270421082080333552e-01
5.893713771629088827e-02 -2.598691973632188262e-02 1.474996640203547066e-02 6.468263369782491223e-03 1.433879541220435261e-01
5.189801193486281994e-02 -2.351650544231286694e-02 9.798019687403850680e-03 -8.058623477825297560e-03 1.028385874734787098e-01
5.802320649823100585e-02 -2.154794360603628015e-02 1.744985394869817685e-02 -7.543575249165297182e-03 9.507133414232431246e-02
4.865155487271108359e-02 -1.890561510235759177e-02 4.026317140128823219e-03 -4.357512128170423944e-03 4.523334751588940078e-02
6.137755735475257379e-02 -1.601540365826166490e-02 4.398782008732020701e-03 1.256049728717091238e-02 4.201052673247723107e-02
6.043980872082895667e-02 -1.690499711995123097e-02 7.333812331516098744e-03 -5.988862015631698534e-05 1.892984202607566821e-02
6.362546004749175532e-02 -2.468735455085760422e-02 1.141168406986884862e-02 -2.687755032310622585e-02 5.301817387292218769e-02
6.602186485578759312e-02 -2.953517937247254407e-02 1.274032091557983359e-02 -2.982598803724382380e-02 5.242299312666007238e-02
7.101343593439347901e-02 -3.133617667090714265e-02 1.596963641568283424e-02 -2.988904273748637513e-02 4.211077808225497515e-02
6.347917699715639739e-02 -3.028815449610886695e-02 1.509180748279173069e-02 -4.686427839863610556e-02 1.940203133180045184e-02
7.060019132431974431e-02 -3.184350597962482682e-02 1.124010530472013304e-02 -4.052932002121963084e-02 2.550119349900666597e-03
7.463473366023930244e-02 -2.950681382658725330e-02 1.123107213776101780e-02 -3.647160782315011368e-02 8.565099396238739365e-03
7.929150923015257368e-02 -3.411760003138757796e-02 1.438870145364327426e-02 -3.934892909701646208e-02 1.317708925007277619e-02
7.776090968327821484e-02 -3.676520902694313531e-02 1.426699582521589495e-02 -4.407069836154023368e-02 6.163493279230432970e-03
9.063937488459816727e-02 -4.224145674279974200e-02 1.715699712116000933e-02 -3.799878953912144697e-02 1.926419491423986621e-02
8.911792334895522749e-02 -4.017299838295193548e-02 1.553897041025195484e-02 -3.688735320864107436e-02 2.641930220602904666e-02
9.436421259017085950e-02 -4.965412560736844755e-02 1.829064701492141495e-02 -4.781169177769726414e-02 3.179907713288956939e-02
9.733859272267020302e-02 -5.118954070989194943e-02 2.054801816120093924e-02 -5.411474822045755223e-02 2.703277114865383982e-02
9.085321293393366915e-02 -5.551976756067875107e-02 1.609938977847631680e-02 -6.797786202929920196e-02 1.787315079885811245e-02
5.090679717648926433e-02 -5.952381603489995468e-03 2.268764914815337916e-02 -1.753050960315979609e-02 9.809901821466877891e-02
9.403893566986858132e-02 -4.912601511511671681e-02 2.269079506822609116e-02 -6.712880433826864945e-02 5.353644721462266082e-03
9.561210710551899805e-02 -5.215159996195827680e-02 1.861008148543759344e-02 -6.711496440740162550e-02 2.280742768374035938e-03
9.722646641754759123e-02 -5.397497117810316075e-02 1.986297057748130993e-02 -6.847175382759100593e-02 6.932660143528305771e-03
9.627247922869833219e-02 -5.114242603747025384e-02 2.135681057692993476e-02 -6.915798723388902336e-02 -3.000599024224234659e-03
1.071346840941787143e-01 -5.867092061101158995e-02 2.443975038296765032e-02 -6.593882731409073106e-02 8.399499033323399103e-03
1.062697654522517104e-01 -6.249929519781308868e-02 2.093766968581111873e-02 -7.332455641518070832e-02 1.381365030035549592e-02
1.061534729125812870e-01 -5.934368613283272365e-02 2.223456909860568528e-02 -7.431738990391612010e-02 5.262172661405726268e-04
1.049956229231942956e-01 -6.267707397684658954e-02 1.922147475572909964e-02 -7.464783138318946409e-02 1.721184170498130269e-04
9.570793670527456831e-02 -5.231836883892330287e-02 2.197785217390098647e-02 -7.703759142135332971e-02 -1.082082674153697285e-02
1.020639005663363935e-01 -5.471698023545251699e-02 2.330524887829506578e-02 -7.458374163179054550e-02 -9.534791519706073458e-04
9.582321997510878653e-02 -5.547424644941745253e-02 2.122908561771475605e-02 -9.195756139600018420e-02 -2.991807454099698615e-02
9.860341016416000748e-02 -5.805380074439270288e-02 2.133583419661290101e-02 -9.043291447561983831e-02 -2.886877142926259215e-02
1.032884447491869140e-01 -8.658451028670358096e-02 1.673726143660361765e-02 -9.728497138396370592e-02 -9.648387698699991549e-03
1.075857781728101620e-01 -6.516844858638258520e-02 2.341286750123283689e-02 -8.927903222011898676e-02 -2.071128136614984808e-02
1.061941610010280618e-01 -7.704292555533046039e-02 2.105807566324177302e-02 -9.543774225071867401e-02 -2.184502870075164319e-02
1.149569772270213897e-01 -7.449316473440505126e-02 2.677062682292940393e-02 -9.356293242358168505e-02 -1.579028672528150559e-02
1.135982025334008327e-01 -7.392930256500182540e-02 2.246390194569418408e-02 -9.381450690508975898e-02 -2.191273801700248380e-02
1.162977073981993348e-01 -7.648111463911383412e-02 2.585898120740118267e-02 -9.160650830636547781e-02 -7.246615810672013547e-03
1.215754486143106883e-01 -8.634381696451295940e-02 2.789517435610361015e-02 -1.029924194826475625e-01 -9.709944567157872616e-03
1.210381231027607418e-01 -9.446142544077205938e-02 3.147290959756429002e-02 -1.159368580857433190e-01 6.954439626127933115e-03
1.258413584494872950e-01 -1.278464207855992407e-01 4.056687292295906716e-02 -1.427438678255899263e-01 7.008826102735629671e-02
1.257455015984463575e-01 -1.278308570290433710e-01 3.990977729547918323e-02 -1.434075978188311395e-01 6.762828986687229038e-02
1.253005255456647038e-01 -1.247648261734621011e-01 3.622291114684353386e-02 -1.365541119441966433e-01 5.338374543027370189e-02
1.209626875486234238e-01 -9.629972672870362738e-02 2.738311870087092523e-02 -1.239948676637482872e-01 -3.259923234951770527e-02
1.183880720424956845e-01 -9.663153019218624629e-02 2.233473513358045018e-02 -1.212429748781293365e-01 -5.565936519658640919e-02
1.201617818745346344e-01 -9.169985711394318395e-02 2.395231225403602129e-02 -1.287780888915173172e-01 -6.708794274650130285e-02
1.202701184549197083e-01 -9.395986668426299648e-02 2.495142735506478485e-02 -1.327736822397179717e-01 -6.479169883725195700e-02
1.203173167210432881e-01 -8.700502702153312118e-02 2.606539081346361669e-02 -1.329723423215069533e-01 -7.855639653762555574e-02
