1.389742058408008916e+02
3.028702446285158700e+01
2.132753684755764567e+01
1.852531458614618387e+01
1.485352072637248355e+01
1.021808674269204786e+01
9.503214873668584417e+00
8.555809101990837107e+00
8.024354328440965745e+00
7.754911879242487593e+00
7.406090468001520044e+00
7.276197008251737763e+00
6.989346214108140387e+00
6.547570900303474772e+00
6.472095000331505865e+00
6.258639661296300893e+00
6.057806433202303609e+00
5.936343090463006789e+00
5.846435055143299309e+00
5.644885618863891175e+00
5.531322302667131652e+00
5.460938343702387066e+00
5.381024897823993847e+00
5.267042454389431860e+00
5.180518193538858895e+00
5.081640178891642989e+00
4.931245262190518730e+00
4.876426618901075649e+00
4.749890681607071841e+00
4.693946128143695162e+00
4.650518629567319095e+00
4.606859691956966429e+00
4.560361121806457696e+00
4.478849778586323716e+00
4.434185315167045616e+00
4.391670599603413550e+00
4.381203771632410593e+00
4.363938773169161678e+00
4.331548885954587647e+00
4.291021007875849946e+00
4.237911741593836545e+00
4.210305415935988727e+00
4.198521842790894354e+00
4.173019978338615488e+00
4.159435522584440825e+00
4.119411377336477109e+00
4.087570711589187944e+00
4.065555011088244797e+00
4.057978470555037021e+00
4.046905070288794093e+00
4.016187080448165858e+00
4.000599024183710384e+00
3.996400886736354074e+00
3.968352420977574013e+00
3.942119793597737232e+00
3.923125027218549832e+00
3.909263693006081120e+00
3.897030394638389073e+00
3.887686559574229150e+00
3.845143196395575114e+00
3.793115718447645612e+00
3.758445977674230942e+00
3.728716438172955616e+00
3.643855761128242055e+00
3.541863463461282446e+00
3.509321815579323545e+00
3.467826879329390710e+00
3.413786181084678795e+00
3.363979995426662484e+00
3.330978489516613461e+00
3.297436253811850460e+00
3.232655251231655757e+00
3.196356099723750788e+00
3.124937270679517098e+00
3.041940443978772279e+00
2.999566353041963840e+00
2.980174754134697679e+00
2.932883354886854033e+00
2.899976111041143501e+00
2.829011068202651025e+00
2.795312297528308676e+00
2.763082691831732163e+00
2.750816733348994347e+00
2.700588387159396753e+00
2.676241329711204653e+00
2.658923033582195394e+00
2.638396809055167491e+00
2.620457296445516615e+00
2.578435222252779990e+00
2.564250394545474876e+00
2.558228711031708791e+00
2.526639678163703273e+00
2.520246902900827202e+00
2.495704828243165085e+00
2.447093760414406294e+00
2.439520397947796848e+00
2.404665927036509387e+00
1.880580403638698161e+00
1.604750294759531792e+00
4.776119145749220807e-01
