3.724929999999999836e+03
3.727599999999999909e+03
3.730269999999999982e+03
3.732949999999999818e+03
3.735619999999999891e+03
3.738289999999999964e+03
3.740960000000000036e+03
3.743639999999999873e+03
3.746309999999999945e+03
3.748980000000000018e+03
3.751659999999999854e+03
3.754329999999999927e+03
3.757000000000000000e+03
3.759670000000000073e+03
3.762349999999999909e+03
3.765019999999999982e+03
3.767690000000000055e+03
3.770369999999999891e+03
3.773039999999999964e+03
3.775710000000000036e+03
3.778380000000000109e+03
3.781059999999999945e+03
3.783730000000000018e+03
3.786400000000000091e+03
3.789079999999999927e+03
3.791750000000000000e+03
3.794420000000000073e+03
3.797099999999999909e+03
3.799769999999999982e+03
3.802440000000000055e+03
3.805110000000000127e+03
3.807789999999999964e+03
3.810460000000000036e+03
3.813130000000000109e+03
3.815809999999999945e+03
3.818480000000000018e+03
3.821150000000000091e+03
3.823820000000000164e+03
3.826500000000000000e+03
3.829170000000000073e+03
3.831840000000000146e+03
3.834519999999999982e+03
3.837190000000000055e+03
3.839860000000000127e+03
3.842530000000000200e+03
3.845210000000000036e+03
3.847880000000000109e+03
3.850550000000000182e+03
3.853230000000000018e+03
3.855900000000000091e+03
3.858570000000000164e+03
3.861239999999999782e+03
3.863920000000000073e+03
3.866590000000000146e+03
3.869260000000000218e+03
3.871940000000000055e+03
3.874610000000000127e+03
3.877280000000000200e+03
3.879949999999999818e+03
3.882630000000000109e+03
3.885300000000000182e+03
3.887969999999999800e+03
3.890650000000000091e+03
3.893320000000000164e+03
3.895989999999999782e+03
3.898670000000000073e+03
3.901340000000000146e+03
3.904010000000000218e+03
3.906679999999999836e+03
3.909360000000000127e+03
3.912030000000000200e+03
3.914699999999999818e+03
3.917380000000000109e+03
3.920050000000000182e+03
3.922719999999999800e+03
3.925389999999999873e+03
3.928070000000000164e+03
3.930739999999999782e+03
3.933409999999999854e+03
3.936090000000000146e+03
3.938760000000000218e+03
3.941429999999999836e+03
3.944099999999999909e+03
3.946780000000000200e+03
3.949449999999999818e+03
3.952119999999999891e+03
3.954800000000000182e+03
3.957469999999999800e+03
3.960139999999999873e+03
3.962809999999999945e+03
3.965489999999999782e+03
3.968159999999999854e+03
3.970829999999999927e+03
3.973510000000000218e+03
3.976179999999999836e+03
3.978849999999999909e+03
3.981519999999999982e+03
3.984199999999999818e+03
3.986869999999999891e+03
3.989539999999999964e+03
3.992219999999999800e+03
3.994889999999999873e+03
3.997559999999999945e+03
4.000239999999999782e+03
4.002909999999999854e+03
4.005579999999999927e+03
4.008250000000000000e+03
4.010929999999999836e+03
4.013599999999999909e+03
4.016269999999999982e+03
4.018949999999999818e+03
4.021619999999999891e+03
4.024289999999999964e+03
4.026960000000000036e+03
4.029639999999999873e+03
4.032309999999999945e+03
4.034980000000000018e+03
4.037659999999999854e+03
4.040329999999999927e+03
4.043000000000000000e+03
4.045670000000000073e+03
4.048349999999999909e+03
4.051019999999999982e+03
4.053690000000000055e+03
4.056369999999999891e+03
4.059039999999999964e+03
4.061710000000000036e+03
4.064380000000000109e+03
4.067059999999999945e+03
4.069730000000000018e+03
4.072400000000000091e+03
4.075079999999999927e+03
4.077750000000000000e+03
4.080420000000000073e+03
4.083090000000000146e+03
4.085769999999999982e+03
4.088440000000000055e+03
4.091110000000000127e+03
4.093789999999999964e+03
4.096460000000000036e+03
4.099130000000000109e+03
4.101810000000000400e+03
4.104479999999999563e+03
4.107149999999999636e+03
4.109819999999999709e+03
4.112500000000000000e+03
4.115170000000000073e+03
4.117840000000000146e+03
4.120520000000000437e+03
4.123189999999999600e+03
4.125859999999999673e+03
4.128529999999999745e+03
4.131210000000000036e+03
4.133880000000000109e+03
4.136550000000000182e+03
4.139229999999999563e+03
4.141899999999999636e+03
4.144569999999999709e+03
4.147239999999999782e+03
4.149920000000000073e+03
4.152590000000000146e+03
4.155260000000000218e+03
4.157939999999999600e+03
4.160609999999999673e+03
4.163279999999999745e+03
4.165949999999999818e+03
4.168630000000000109e+03
4.171300000000000182e+03
4.173970000000000255e+03
4.176649999999999636e+03
4.179319999999999709e+03
4.181989999999999782e+03
4.184659999999999854e+03
4.187340000000000146e+03
4.190010000000000218e+03
4.192680000000000291e+03
4.195359999999999673e+03
4.198029999999999745e+03
4.200699999999999818e+03
4.203380000000000109e+03
4.206050000000000182e+03
4.208720000000000255e+03
4.211390000000000327e+03
4.214069999999999709e+03
4.216739999999999782e+03
4.219409999999999854e+03
4.222090000000000146e+03
4.224760000000000218e+03
4.227430000000000291e+03
4.230100000000000364e+03
4.232779999999999745e+03
4.235449999999999818e+03
4.238119999999999891e+03
4.240800000000000182e+03
4.243470000000000255e+03
4.246140000000000327e+03
4.248810000000000400e+03
4.251489999999999782e+03
4.254159999999999854e+03
4.256829999999999927e+03
4.259510000000000218e+03
4.262180000000000291e+03
4.264850000000000364e+03
4.267520000000000437e+03
4.270199999999999818e+03
4.272869999999999891e+03
4.275539999999999964e+03
4.278220000000000255e+03
4.280890000000000327e+03
4.283560000000000400e+03
4.286229999999999563e+03
4.288909999999999854e+03
4.291579999999999927e+03
4.294250000000000000e+03
4.296930000000000291e+03
4.299600000000000364e+03
4.302270000000000437e+03
4.304949999999999818e+03
4.307619999999999891e+03
4.310289999999999964e+03
4.312960000000000036e+03
4.315640000000000327e+03
4.318310000000000400e+03
4.320979999999999563e+03
4.323659999999999854e+03
4.326329999999999927e+03
4.329000000000000000e+03
4.331670000000000073e+03
4.334350000000000364e+03
4.337020000000000437e+03
4.339689999999999600e+03
4.342369999999999891e+03
4.345039999999999964e+03
4.347710000000000036e+03
4.350380000000000109e+03
4.353060000000000400e+03
4.355729999999999563e+03
4.358399999999999636e+03
4.361079999999999927e+03
4.363750000000000000e+03
4.366420000000000073e+03
4.369090000000000146e+03
4.371770000000000437e+03
4.374439999999999600e+03
4.377109999999999673e+03
4.379789999999999964e+03
4.382460000000000036e+03
4.385130000000000109e+03
4.387800000000000182e+03
4.390479999999999563e+03
4.393149999999999636e+03
4.395819999999999709e+03
4.398500000000000000e+03
4.401170000000000073e+03
4.403840000000000146e+03
4.406520000000000437e+03
4.409189999999999600e+03
4.411859999999999673e+03
4.414529999999999745e+03
4.417210000000000036e+03
4.419880000000000109e+03
4.422550000000000182e+03
4.425229999999999563e+03
4.427899999999999636e+03
4.430569999999999709e+03
4.433239999999999782e+03
4.435920000000000073e+03
4.438590000000000146e+03
4.441260000000000218e+03
4.443939999999999600e+03
4.446609999999999673e+03
4.449279999999999745e+03
4.451949999999999818e+03
4.454630000000000109e+03
4.457300000000000182e+03
4.459970000000000255e+03
4.462649999999999636e+03
4.465319999999999709e+03
4.467989999999999782e+03
4.470659999999999854e+03
4.473340000000000146e+03
4.476010000000000218e+03
4.478680000000000291e+03
4.481359999999999673e+03
4.484029999999999745e+03
4.486699999999999818e+03
4.489369999999999891e+03
4.492050000000000182e+03
4.494720000000000255e+03
4.497390000000000327e+03
4.500069999999999709e+03
4.502739999999999782e+03
4.505409999999999854e+03
4.508090000000000146e+03
4.510760000000000218e+03
4.513430000000000291e+03
4.516100000000000364e+03
4.518779999999999745e+03
4.521449999999999818e+03
4.524119999999999891e+03
4.526800000000000182e+03
4.529470000000000255e+03
4.532140000000000327e+03
4.534810000000000400e+03
4.537489999999999782e+03
4.540159999999999854e+03
4.542829999999999927e+03
4.545510000000000218e+03
4.548180000000000291e+03
4.550850000000000364e+03
4.553520000000000437e+03
4.556199999999999818e+03
4.558869999999999891e+03
4.561539999999999964e+03
4.564220000000000255e+03
4.566890000000000327e+03
4.569560000000000400e+03
4.572229999999999563e+03
4.574909999999999854e+03
4.577579999999999927e+03
4.580250000000000000e+03
4.582930000000000291e+03
4.585600000000000364e+03
4.588270000000000437e+03
4.590939999999999600e+03
4.593619999999999891e+03
4.596289999999999964e+03
4.598960000000000036e+03
4.601640000000000327e+03
4.604310000000000400e+03
4.606979999999999563e+03
4.609659999999999854e+03
4.612329999999999927e+03
4.615000000000000000e+03
4.617670000000000073e+03
4.620350000000000364e+03
4.623020000000000437e+03
4.625689999999999600e+03
4.628369999999999891e+03
4.631039999999999964e+03
4.633710000000000036e+03
4.636380000000000109e+03
4.639060000000000400e+03
4.641729999999999563e+03
4.644399999999999636e+03
4.647079999999999927e+03
4.649750000000000000e+03
4.652420000000000073e+03
4.655090000000000146e+03
4.657770000000000437e+03
4.660439999999999600e+03
4.663109999999999673e+03
4.665789999999999964e+03
4.668460000000000036e+03
4.671130000000000109e+03
4.673800000000000182e+03
4.676479999999999563e+03
4.679149999999999636e+03
4.681819999999999709e+03
4.684500000000000000e+03
4.687170000000000073e+03
4.689840000000000146e+03
4.692510000000000218e+03
4.695189999999999600e+03
4.697859999999999673e+03
4.700529999999999745e+03
4.703210000000000036e+03
4.705880000000000109e+03
4.708550000000000182e+03
4.711229999999999563e+03
4.713899999999999636e+03
4.716569999999999709e+03
4.719239999999999782e+03
4.721920000000000073e+03
4.724590000000000146e+03
4.727260000000000218e+03
4.729939999999999600e+03
4.732609999999999673e+03
4.735279999999999745e+03
4.737949999999999818e+03
4.740630000000000109e+03
4.743300000000000182e+03
4.745970000000000255e+03
4.748649999999999636e+03
4.751319999999999709e+03
4.753989999999999782e+03
4.756659999999999854e+03
4.759340000000000146e+03
4.762010000000000218e+03
4.764680000000000291e+03
4.767359999999999673e+03
4.770029999999999745e+03
4.772699999999999818e+03
4.775369999999999891e+03
4.778050000000000182e+03
4.780720000000000255e+03
4.783390000000000327e+03
4.786069999999999709e+03
4.788739999999999782e+03
4.791409999999999854e+03
4.794079999999999927e+03
4.796760000000000218e+03
4.799430000000000291e+03
4.802100000000000364e+03
4.804779999999999745e+03
4.807449999999999818e+03
4.810119999999999891e+03
4.812800000000000182e+03
4.815470000000000255e+03
4.818140000000000327e+03
4.820810000000000400e+03
4.823489999999999782e+03
4.826159999999999854e+03
4.828829999999999927e+03
4.831510000000000218e+03
4.834180000000000291e+03
4.836850000000000364e+03
4.839520000000000437e+03
4.842199999999999818e+03
4.844869999999999891e+03
4.847539999999999964e+03
4.850220000000000255e+03
4.852890000000000327e+03
4.855560000000000400e+03
4.858229999999999563e+03
4.860909999999999854e+03
4.863579999999999927e+03
4.866250000000000000e+03
4.868930000000000291e+03
4.871600000000000364e+03
4.874270000000000437e+03
4.876939999999999600e+03
4.879619999999999891e+03
4.882289999999999964e+03
4.884960000000000036e+03
4.887640000000000327e+03
4.890310000000000400e+03
4.892979999999999563e+03
4.895649999999999636e+03
4.898329999999999927e+03
4.901000000000000000e+03
4.903670000000000073e+03
4.906350000000000364e+03
4.909020000000000437e+03
4.911689999999999600e+03
4.914369999999999891e+03
4.917039999999999964e+03
4.919710000000000036e+03
4.922380000000000109e+03
4.925060000000000400e+03
4.927729999999999563e+03
4.930399999999999636e+03
4.933079999999999927e+03
4.935750000000000000e+03
4.938420000000000073e+03
4.941090000000000146e+03
4.943770000000000437e+03
4.946439999999999600e+03
4.949109999999999673e+03
4.951789999999999964e+03
4.954460000000000036e+03
4.957130000000000109e+03
4.959800000000000182e+03
4.962479999999999563e+03
4.965149999999999636e+03
4.967819999999999709e+03
4.970500000000000000e+03
4.973170000000000073e+03
4.975840000000000146e+03
4.978510000000000218e+03
4.981189999999999600e+03
4.983859999999999673e+03
4.986529999999999745e+03
4.989210000000000036e+03
4.991880000000000109e+03
4.994550000000000182e+03
4.997220000000000255e+03
4.999899999999999636e+03
5.002569999999999709e+03
5.005239999999999782e+03
5.007920000000000073e+03
5.010590000000000146e+03
5.013260000000000218e+03
5.015939999999999600e+03
5.018609999999999673e+03
5.021279999999999745e+03
5.023949999999999818e+03
5.026630000000000109e+03
5.029300000000000182e+03
5.031970000000000255e+03
5.034649999999999636e+03
5.037319999999999709e+03
5.039989999999999782e+03
5.042659999999999854e+03
5.045340000000000146e+03
5.048010000000000218e+03
5.050680000000000291e+03
5.053359999999999673e+03
5.056029999999999745e+03
5.058699999999999818e+03
5.061369999999999891e+03
5.064050000000000182e+03
5.066720000000000255e+03
5.069390000000000327e+03
5.072069999999999709e+03
5.074739999999999782e+03
5.077409999999999854e+03
5.080079999999999927e+03
5.082760000000000218e+03
5.085430000000000291e+03
5.088100000000000364e+03
5.090779999999999745e+03
5.093449999999999818e+03
5.096119999999999891e+03
5.098789999999999964e+03
5.101470000000000255e+03
5.104140000000000327e+03
5.106810000000000400e+03
5.109489999999999782e+03
5.112159999999999854e+03
5.114829999999999927e+03
5.117510000000000218e+03
5.120180000000000291e+03
5.122850000000000364e+03
5.125520000000000437e+03
5.128199999999999818e+03
5.130869999999999891e+03
5.133539999999999964e+03
5.136220000000000255e+03
5.138890000000000327e+03
5.141560000000000400e+03
5.144229999999999563e+03
5.146909999999999854e+03
5.149579999999999927e+03
5.152250000000000000e+03
5.154930000000000291e+03
5.157600000000000364e+03
5.160270000000000437e+03
5.162939999999999600e+03
5.165619999999999891e+03
5.168289999999999964e+03
5.170960000000000036e+03
5.173640000000000327e+03
5.176310000000000400e+03
5.178979999999999563e+03
5.181649999999999636e+03
5.184329999999999927e+03
5.187000000000000000e+03
5.189670000000000073e+03
5.192350000000000364e+03
5.195020000000000437e+03
5.197689999999999600e+03
5.200359999999999673e+03
5.203039999999999964e+03
5.205710000000000036e+03
5.208380000000000109e+03
5.211060000000000400e+03
5.213729999999999563e+03
5.216399999999999636e+03
5.219079999999999927e+03
5.221750000000000000e+03
5.224420000000000073e+03
5.227090000000000146e+03
5.229770000000000437e+03
5.232439999999999600e+03
5.235109999999999673e+03
5.237789999999999964e+03
5.240460000000000036e+03
5.243130000000000109e+03
5.245800000000000182e+03
5.248479999999999563e+03
5.251149999999999636e+03
5.253819999999999709e+03
5.256500000000000000e+03
5.259170000000000073e+03
5.261840000000000146e+03
5.264510000000000218e+03
5.267189999999999600e+03
5.269859999999999673e+03
5.272529999999999745e+03
5.275210000000000036e+03
5.277880000000000109e+03
5.280550000000000182e+03
5.283220000000000255e+03
5.285899999999999636e+03
5.288569999999999709e+03
5.291239999999999782e+03
5.293920000000000073e+03
5.296590000000000146e+03
5.299260000000000218e+03
5.301930000000000291e+03
5.304609999999999673e+03
5.307279999999999745e+03
5.309949999999999818e+03
5.312630000000000109e+03
5.315300000000000182e+03
5.317970000000000255e+03
5.320649999999999636e+03
5.323319999999999709e+03
5.325989999999999782e+03
5.328659999999999854e+03
5.331340000000000146e+03
5.334010000000000218e+03
5.336680000000000291e+03
5.339359999999999673e+03
5.342029999999999745e+03
5.344699999999999818e+03
5.347369999999999891e+03
5.350050000000000182e+03
5.352720000000000255e+03
5.355390000000000327e+03
5.358069999999999709e+03
5.360739999999999782e+03
5.363409999999999854e+03
5.366079999999999927e+03
5.368760000000000218e+03
5.371430000000000291e+03
5.374100000000000364e+03
5.376779999999999745e+03
5.379449999999999818e+03
5.382119999999999891e+03
5.384789999999999964e+03
5.387470000000000255e+03
5.390140000000000327e+03
5.392810000000000400e+03
5.395489999999999782e+03
5.398159999999999854e+03
5.400829999999999927e+03
5.403500000000000000e+03
5.406180000000000291e+03
5.408850000000000364e+03
5.411520000000000437e+03
5.414199999999999818e+03
5.416869999999999891e+03
5.419539999999999964e+03
5.422220000000000255e+03
5.424890000000000327e+03
5.427560000000000400e+03
5.430229999999999563e+03
5.432909999999999854e+03
5.435579999999999927e+03
5.438250000000000000e+03
5.440930000000000291e+03
5.443600000000000364e+03
5.446270000000000437e+03
5.448939999999999600e+03
5.451619999999999891e+03
5.454289999999999964e+03
5.456960000000000036e+03
5.459640000000000327e+03
5.462310000000000400e+03
5.464979999999999563e+03
5.467649999999999636e+03
5.470329999999999927e+03
5.473000000000000000e+03
5.475670000000000073e+03
5.478350000000000364e+03
5.481020000000000437e+03
5.483689999999999600e+03
5.486359999999999673e+03
5.489039999999999964e+03
5.491710000000000036e+03
5.494380000000000109e+03
5.497060000000000400e+03
5.499729999999999563e+03
5.502399999999999636e+03
5.505069999999999709e+03
5.507750000000000000e+03
5.510420000000000073e+03
5.513090000000000146e+03
5.515770000000000437e+03
5.518439999999999600e+03
5.521109999999999673e+03
5.523789999999999964e+03
5.526460000000000036e+03
5.529130000000000109e+03
5.531800000000000182e+03
5.534479999999999563e+03
5.537149999999999636e+03
5.539819999999999709e+03
5.542500000000000000e+03
5.545170000000000073e+03
5.547840000000000146e+03
5.550510000000000218e+03
5.553189999999999600e+03
5.555859999999999673e+03
5.558529999999999745e+03
5.561210000000000036e+03
5.563880000000000109e+03
5.566550000000000182e+03
5.569220000000000255e+03
5.571899999999999636e+03
5.574569999999999709e+03
5.577239999999999782e+03
5.579920000000000073e+03
5.582590000000000146e+03
5.585260000000000218e+03
5.587930000000000291e+03
5.590609999999999673e+03
5.593279999999999745e+03
5.595949999999999818e+03
5.598630000000000109e+03
5.601300000000000182e+03
5.603970000000000255e+03
5.606640000000000327e+03
5.609319999999999709e+03
5.611989999999999782e+03
5.614659999999999854e+03
5.617340000000000146e+03
5.620010000000000218e+03
5.622680000000000291e+03
5.625359999999999673e+03
5.628029999999999745e+03
5.630699999999999818e+03
5.633369999999999891e+03
5.636050000000000182e+03
5.638720000000000255e+03
5.641390000000000327e+03
5.644069999999999709e+03
5.646739999999999782e+03
5.649409999999999854e+03
5.652079999999999927e+03
5.654760000000000218e+03
5.657430000000000291e+03
5.660100000000000364e+03
5.662779999999999745e+03
5.665449999999999818e+03
5.668119999999999891e+03
5.670789999999999964e+03
5.673470000000000255e+03
5.676140000000000327e+03
5.678810000000000400e+03
5.681489999999999782e+03
5.684159999999999854e+03
5.686829999999999927e+03
5.689500000000000000e+03
5.692180000000000291e+03
5.694850000000000364e+03
5.697520000000000437e+03
5.700199999999999818e+03
5.702869999999999891e+03
5.705539999999999964e+03
5.708220000000000255e+03
5.710890000000000327e+03
5.713560000000000400e+03
5.716229999999999563e+03
5.718909999999999854e+03
5.721579999999999927e+03
5.724250000000000000e+03
5.726930000000000291e+03
5.729600000000000364e+03
5.732270000000000437e+03
5.734939999999999600e+03
5.737619999999999891e+03
5.740289999999999964e+03
5.742960000000000036e+03
5.745640000000000327e+03
5.748310000000000400e+03
5.750979999999999563e+03
5.753649999999999636e+03
5.756329999999999927e+03
5.759000000000000000e+03
5.761670000000000073e+03
5.764350000000000364e+03
5.767020000000000437e+03
5.769689999999999600e+03
5.772359999999999673e+03
5.775039999999999964e+03
5.777710000000000036e+03
5.780380000000000109e+03
5.783060000000000400e+03
5.785729999999999563e+03
5.788399999999999636e+03
5.791069999999999709e+03
5.793750000000000000e+03
5.796420000000000073e+03
5.799090000000000146e+03
5.801770000000000437e+03
5.804439999999999600e+03
5.807109999999999673e+03
5.809789999999999964e+03
5.812460000000000036e+03
5.815130000000000109e+03
5.817800000000000182e+03
5.820479999999999563e+03
5.823149999999999636e+03
5.825819999999999709e+03
5.828500000000000000e+03
5.831170000000000073e+03
5.833840000000000146e+03
5.836510000000000218e+03
5.839189999999999600e+03
5.841859999999999673e+03
5.844529999999999745e+03
5.847210000000000036e+03
5.849880000000000109e+03
5.852550000000000182e+03
5.855220000000000255e+03
5.857899999999999636e+03
5.860569999999999709e+03
5.863239999999999782e+03
5.865920000000000073e+03
5.868590000000000146e+03
5.871260000000000218e+03
5.873930000000000291e+03
5.876609999999999673e+03
5.879279999999999745e+03
5.881949999999999818e+03
5.884630000000000109e+03
5.887300000000000182e+03
5.889970000000000255e+03
5.892640000000000327e+03
5.895319999999999709e+03
5.897989999999999782e+03
5.900659999999999854e+03
5.903340000000000146e+03
5.906010000000000218e+03
5.908680000000000291e+03
5.911359999999999673e+03
5.914029999999999745e+03
5.916699999999999818e+03
5.919369999999999891e+03
5.922050000000000182e+03
5.924720000000000255e+03
5.927390000000000327e+03
5.930069999999999709e+03
5.932739999999999782e+03
5.935409999999999854e+03
5.938079999999999927e+03
5.940760000000000218e+03
5.943430000000000291e+03
5.946100000000000364e+03
5.948779999999999745e+03
5.951449999999999818e+03
5.954119999999999891e+03
5.956789999999999964e+03
5.959470000000000255e+03
5.962140000000000327e+03
5.964810000000000400e+03
5.967489999999999782e+03
5.970159999999999854e+03
5.972829999999999927e+03
5.975500000000000000e+03
5.978180000000000291e+03
5.980850000000000364e+03
5.983520000000000437e+03
5.986199999999999818e+03
5.988869999999999891e+03
5.991539999999999964e+03
5.994210000000000036e+03
5.996890000000000327e+03
5.999560000000000400e+03
6.002229999999999563e+03
6.004909999999999854e+03
6.007579999999999927e+03
6.010250000000000000e+03
6.012930000000000291e+03
6.015600000000000364e+03
6.018270000000000437e+03
6.020939999999999600e+03
6.023619999999999891e+03
6.026289999999999964e+03
6.028960000000000036e+03
6.031640000000000327e+03
6.034310000000000400e+03
6.036979999999999563e+03
6.039649999999999636e+03
6.042329999999999927e+03
6.045000000000000000e+03
6.047670000000000073e+03
6.050350000000000364e+03
6.053020000000000437e+03
6.055689999999999600e+03
6.058359999999999673e+03
6.061039999999999964e+03
6.063710000000000036e+03
6.066380000000000109e+03
6.069060000000000400e+03
6.071729999999999563e+03
6.074399999999999636e+03
6.077069999999999709e+03
6.079750000000000000e+03
6.082420000000000073e+03
6.085090000000000146e+03
6.087770000000000437e+03
6.090439999999999600e+03
6.093109999999999673e+03
6.095779999999999745e+03
6.098460000000000036e+03
6.101130000000000109e+03
6.103800000000000182e+03
6.106479999999999563e+03
6.109149999999999636e+03
6.111819999999999709e+03
6.114500000000000000e+03
6.117170000000000073e+03
6.119840000000000146e+03
6.122510000000000218e+03
6.125189999999999600e+03
6.127859999999999673e+03
6.130529999999999745e+03
6.133210000000000036e+03
6.135880000000000109e+03
6.138550000000000182e+03
6.141220000000000255e+03
6.143899999999999636e+03
6.146569999999999709e+03
6.149239999999999782e+03
6.151920000000000073e+03
6.154590000000000146e+03
6.157260000000000218e+03
6.159930000000000291e+03
6.162609999999999673e+03
6.165279999999999745e+03
6.167949999999999818e+03
6.170630000000000109e+03
6.173300000000000182e+03
6.175970000000000255e+03
6.178640000000000327e+03
6.181319999999999709e+03
6.183989999999999782e+03
6.186659999999999854e+03
6.189340000000000146e+03
6.192010000000000218e+03
6.194680000000000291e+03
6.197350000000000364e+03
6.200029999999999745e+03
6.202699999999999818e+03
6.205369999999999891e+03
6.208050000000000182e+03
6.210720000000000255e+03
6.213390000000000327e+03
6.216069999999999709e+03
6.218739999999999782e+03
6.221409999999999854e+03
6.224079999999999927e+03
6.226760000000000218e+03
6.229430000000000291e+03
6.232100000000000364e+03
6.234779999999999745e+03
6.237449999999999818e+03
6.240119999999999891e+03
6.242789999999999964e+03
6.245470000000000255e+03
6.248140000000000327e+03
6.250810000000000400e+03
6.253489999999999782e+03
6.256159999999999854e+03
6.258829999999999927e+03
6.261500000000000000e+03
6.264180000000000291e+03
6.266850000000000364e+03
6.269520000000000437e+03
6.272199999999999818e+03
6.274869999999999891e+03
6.277539999999999964e+03
6.280210000000000036e+03
6.282890000000000327e+03
6.285560000000000400e+03
6.288229999999999563e+03
6.290909999999999854e+03
6.293579999999999927e+03
6.296250000000000000e+03
6.298920000000000073e+03
6.301600000000000364e+03
6.304270000000000437e+03
6.306939999999999600e+03
6.309619999999999891e+03
6.312289999999999964e+03
6.314960000000000036e+03
6.317640000000000327e+03
6.320310000000000400e+03
6.322979999999999563e+03
6.325649999999999636e+03
6.328329999999999927e+03
6.331000000000000000e+03
6.333670000000000073e+03
6.336350000000000364e+03
6.339020000000000437e+03
6.341689999999999600e+03
6.344359999999999673e+03
6.347039999999999964e+03
6.349710000000000036e+03
6.352380000000000109e+03
6.355060000000000400e+03
6.357729999999999563e+03
6.360399999999999636e+03
6.363069999999999709e+03
6.365750000000000000e+03
6.368420000000000073e+03
6.371090000000000146e+03
6.373770000000000437e+03
6.376439999999999600e+03
6.379109999999999673e+03
6.381779999999999745e+03
6.384460000000000036e+03
6.387130000000000109e+03
6.389800000000000182e+03
6.392479999999999563e+03
6.395149999999999636e+03
6.397819999999999709e+03
6.400489999999999782e+03
6.403170000000000073e+03
6.405840000000000146e+03
6.408510000000000218e+03
6.411189999999999600e+03
6.413859999999999673e+03
6.416529999999999745e+03
6.419210000000000036e+03
6.421880000000000109e+03
6.424550000000000182e+03
6.427220000000000255e+03
6.429899999999999636e+03
6.432569999999999709e+03
6.435239999999999782e+03
6.437920000000000073e+03
6.440590000000000146e+03
6.443260000000000218e+03
6.445930000000000291e+03
6.448609999999999673e+03
6.451279999999999745e+03
6.453949999999999818e+03
6.456630000000000109e+03
6.459300000000000182e+03
6.461970000000000255e+03
6.464640000000000327e+03
6.467319999999999709e+03
6.469989999999999782e+03
6.472659999999999854e+03
6.475340000000000146e+03
6.478010000000000218e+03
6.480680000000000291e+03
6.483350000000000364e+03
6.486029999999999745e+03
6.488699999999999818e+03
6.491369999999999891e+03
6.494050000000000182e+03
6.496720000000000255e+03
6.499390000000000327e+03
6.502060000000000400e+03
6.504739999999999782e+03
6.507409999999999854e+03
6.510079999999999927e+03
6.512760000000000218e+03
6.515430000000000291e+03
6.518100000000000364e+03
6.520779999999999745e+03
6.523449999999999818e+03
6.526119999999999891e+03
6.528789999999999964e+03
6.531470000000000255e+03
6.534140000000000327e+03
6.536810000000000400e+03
6.539489999999999782e+03
6.542159999999999854e+03
6.544829999999999927e+03
6.547500000000000000e+03
6.550180000000000291e+03
6.552850000000000364e+03
6.555520000000000437e+03
6.558199999999999818e+03
6.560869999999999891e+03
6.563539999999999964e+03
6.566210000000000036e+03
6.568890000000000327e+03
6.571560000000000400e+03
6.574229999999999563e+03
6.576909999999999854e+03
6.579579999999999927e+03
6.582250000000000000e+03
6.584920000000000073e+03
6.587600000000000364e+03
6.590270000000000437e+03
6.592939999999999600e+03
6.595619999999999891e+03
6.598289999999999964e+03
6.600960000000000036e+03
6.603630000000000109e+03
6.606310000000000400e+03
6.608979999999999563e+03
6.611649999999999636e+03
6.614329999999999927e+03
6.617000000000000000e+03
6.619670000000000073e+03
6.622350000000000364e+03
6.625020000000000437e+03
6.627689999999999600e+03
6.630359999999999673e+03
6.633039999999999964e+03
6.635710000000000036e+03
6.638380000000000109e+03
6.647359999999999673e+03
6.662680000000000291e+03
6.678039999999999964e+03
6.693439999999999600e+03
6.708869999999999891e+03
6.724329999999999927e+03
6.739840000000000146e+03
6.755369999999999891e+03
