7.131855316407955669e-01
7.209345090800408640e-01
8.838018622157185478e-01
8.543350196074777081e-01
8.347043210103073374e-01
8.356917755308598261e-01
9.084960657242414639e-01
7.456537394697437815e-01
6.112220969711429364e-01
9.975528541863359910e-01
9.991290348551714606e-01
9.836265972604107954e-01
9.496109748027004027e-01
9.698348161839720483e-01
9.839535519441116040e-01
9.766204008721738328e-01
1.004635070306985734e+00
1.004415746372005147e+00
9.469455802529317401e-01
8.331081919599869767e-01
8.933746112729933353e-01
1.022090234117451590e+00
9.894158017634591129e-01
1.007813251786335851e+00
9.768762763424848616e-01
1.045636406753366332e+00
1.055824487160690994e+00
1.014115089773228062e+00
1.036092249542813981e+00
1.079217701483328407e+00
1.039951628771412562e+00
1.029158881770809941e+00
1.015981203676563194e+00
1.028544156158432088e+00
1.018608733842982783e+00
1.051810144521384105e+00
1.030461533522499806e+00
9.560831857465752481e-01
9.691183806805742096e-01
9.941019992591437759e-01
1.039395562392818606e+00
1.010241606824630267e+00
9.931207411412215080e-01
9.769424055179897204e-01
9.982119363238891596e-01
9.897355194880066431e-01
9.747166272213305671e-01
9.702729097244601197e-01
9.613223692710766155e-01
9.754707450830731874e-01
9.965975207004842407e-01
1.021977381675881480e+00
1.043034959039387699e+00
1.012922730531679028e+00
1.026891388671836713e+00
9.797475108220609075e-01
1.021404040057771301e+00
1.012465896016077060e+00
1.012652820365523620e+00
1.008721642213566971e+00
1.022895721596566609e+00
9.815753347379863047e-01
9.967792725127910813e-01
1.010780909838492558e+00
1.013904709946415350e+00
9.941946128107455039e-01
1.031681369748301158e+00
1.024551932132693910e+00
1.032137603221073618e+00
1.038386355580054321e+00
1.012141502349315658e+00
9.057947748281582889e-01
1.003426018886840909e+00
1.001268190842594441e+00
9.978881929215038804e-01
9.848469225148351880e-01
1.017352562221071288e+00
1.006433871942272518e+00
9.985562198963231495e-01
9.740393317929058048e-01
9.445985079015466468e-01
9.686822960392684756e-01
9.375640688624943264e-01
9.370560907627188962e-01
9.848813627089274547e-01
9.588737202526941283e-01
9.575129807029242324e-01
9.713110612902755570e-01
9.570769391725254538e-01
9.625905676642987352e-01
9.702716109604191397e-01
9.665174528981934632e-01
9.711962633116620891e-01
9.707595180209930286e-01
9.684922064413836740e-01
9.537511516129124622e-01
9.469946130775572790e-01
9.494964013354518784e-01
9.388330564432877390e-01
9.317171953347365143e-01
